Hidden_Layers |   Nodes_per_layer  |   accuracy | loss | test_acc | test_loss
1.0 4.0 0.8668 0.4706 0.864 0.4848 
1.0 5.0 0.8992 0.3595 0.8966 0.3722 
1.0 6.0 0.9126 0.313 0.9088 0.3305 
1.0 7.0 0.9249 0.2704 0.9194 0.292 
1.0 8.0 0.9312 0.2497 0.9292 0.2584 
1.0 9.0 0.9369 0.229 0.9318 0.2437 
1.0 10.0 0.938 0.2224 0.9329 0.2399 
2.0 4.0 0.8547 0.5047 0.8514 0.5257 
2.0 5.0 0.895 0.37 0.8901 0.3901 
2.0 6.0 0.9093 0.3179 0.9045 0.342 
2.0 7.0 0.9214 0.279 0.9157 0.3037 
2.0 8.0 0.9274 0.2571 0.9225 0.2807 
2.0 9.0 0.9403 0.2112 0.9319 0.239 
2.0 10.0 0.9439 0.1999 0.9395 0.2225 
3.0 4.0 0.8261 0.5924 0.822 0.6157 
3.0 5.0 0.8805 0.4186 0.8745 0.4464 
3.0 6.0 0.9105 0.3168 0.9033 0.3484 
3.0 7.0 0.9321 0.2395 0.9263 0.2655 
3.0 8.0 0.9353 0.2249 0.9275 0.2521 
3.0 9.0 0.9411 0.2079 0.9317 0.24 
3.0 10.0 0.9429 0.1958 0.9362 0.2253 
4.0 4.0 0.8228 0.6303 0.8176 0.6637 
4.0 5.0 0.8888 0.3914 0.882 0.4259 
4.0 6.0 0.9068 0.3299 0.9012 0.3549 
4.0 7.0 0.9205 0.2842 0.9129 0.3134 
4.0 8.0 0.9336 0.231 0.9266 0.2658 
4.0 9.0 0.9428 0.1973 0.9332 0.2303 
4.0 10.0 0.9475 0.1821 0.9392 0.2112 
5.0 4.0 0.8463 0.5447 0.8407 0.5741 
5.0 5.0 0.8608 0.4927 0.8541 0.5275 
5.0 6.0 0.8967 0.373 0.8898 0.4035 
5.0 7.0 0.9166 0.2969 0.9103 0.3244 
5.0 8.0 0.9307 0.2447 0.924 0.2845 
5.0 9.0 0.9315 0.2409 0.9232 0.2823 
5.0 10.0 0.9332 0.2392 0.9269 0.2661 
1.0 11.0 0.9438 0.2005 0.9369 0.2246 
1.0 12.0 0.9529 0.1656 0.9449 0.1983 
2.0 11.0 0.947 0.1834 0.9401 0.2099 
2.0 12.0 0.9515 0.1705 0.9444 0.2022 
3.0 11.0 0.9516 0.1667 0.942 0.2072 
3.0 12.0 0.9544 0.1563 0.9454 0.1954 
4.0 11.0 0.9524 0.1626 0.9445 0.1976 
4.0 12.0 0.9555 0.1533 0.9456 0.2002 
5.0 11.0 0.9458 0.1876 0.933 0.2398 
5.0 12.0 0.9542 0.156 0.9445 0.1993 
1.0 1.0 0.3799 1.5856 0.3769 1.5942 
1.0 2.0 0.6929 0.9677 0.6926 0.9774 
1.0 3.0 0.8094 0.6441 0.8095 0.6528 
2.0 1.0 0.2881 1.8329 0.2865 1.8452 
2.0 2.0 0.5417 1.2255 0.537 1.2363 
2.0 3.0 0.7307 0.8537 0.7311 0.8766 
3.0 1.0 0.2476 1.9254 0.2496 1.9286 
3.0 2.0 0.3718 1.6136 0.3684 1.6279 
3.0 3.0 0.7695 0.7546 0.7653 0.7759 
4.0 1.0 0.1124 2.3013 0.1135 2.301 
4.0 2.0 0.308 1.7999 0.3098 1.8085 
4.0 3.0 0.5855 1.1828 0.5828 1.2079 
5.0 1.0 0.1751 2.1232 0.1784 2.1235 
5.0 2.0 0.2254 1.9772 0.2263 1.9868 
5.0 3.0 0.5782 1.1825 0.5749 1.2003 
