Hidden_Layers |   Nodes_per_layer  |   accuracy | loss | test_acc | test_loss
1.0 1.0 0.3459 1.5993 0.3531 1.6042 
1.0 2.0 0.6685 0.963 0.6715 0.9766 
1.0 3.0 0.8165 0.6123 0.8191 0.6168 
1.0 4.0 0.8815 0.42 0.8759 0.4501 
1.0 5.0 0.9102 0.3242 0.9049 0.3482 
1.0 6.0 0.9234 0.272 0.919 0.2965 
1.0 7.0 0.9261 0.2712 0.9153 0.3015 
1.0 8.0 0.9313 0.2482 0.9246 0.2762 
1.0 9.0 0.9418 0.2056 0.9332 0.2449 
1.0 10.0 0.9479 0.1864 0.9365 0.2241 
1.0 11.0 0.951 0.1729 0.9428 0.2228 
1.0 12.0 0.9545 0.1607 0.9434 0.2136 
2.0 1.0 0.404 1.483 0.4023 1.5048 
2.0 2.0 0.4776 1.3392 0.4767 1.3625 
2.0 3.0 0.8167 0.604 0.8204 0.6121 
2.0 4.0 0.8431 0.5541 0.837 0.5733 
2.0 5.0 0.8989 0.3696 0.8921 0.4076 
2.0 6.0 0.9209 0.2836 0.9122 0.3166 
2.0 7.0 0.9287 0.2449 0.922 0.2852 
2.0 8.0 0.9416 0.2098 0.9344 0.2397 
2.0 9.0 0.9448 0.1926 0.9348 0.2429 
2.0 10.0 0.9534 0.1642 0.9436 0.2159 
2.0 11.0 0.9607 0.1394 0.9506 0.1894 
2.0 12.0 0.9632 0.129 0.9498 0.1967 
3.0 1.0 0.1124 2.3013 0.1135 2.3011 
3.0 2.0 0.4741 1.2747 0.4623 1.3303 
3.0 3.0 0.7866 0.7399 0.7883 0.7727 
3.0 4.0 0.8311 0.6007 0.8269 0.6576 
3.0 5.0 0.8873 0.4072 0.8804 0.4555 
3.0 6.0 0.9206 0.2768 0.9132 0.3286 
3.0 7.0 0.9311 0.2352 0.9186 0.2886 
3.0 8.0 0.9386 0.2132 0.9294 0.2574 
3.0 9.0 0.9427 0.2008 0.9316 0.2471 
3.0 10.0 0.9569 0.1518 0.9459 0.2046 
3.0 11.0 0.9603 0.138 0.9473 0.1932 
3.0 12.0 0.9619 0.1341 0.9476 0.2062 
4.0 1.0 0.1124 2.3013 0.1135 2.301 
4.0 2.0 0.4722 1.3836 0.4738 1.4124 
4.0 3.0 0.8002 0.65 0.8028 0.6676 
4.0 4.0 0.815 0.6179 0.8183 0.6521 
4.0 5.0 0.894 0.3781 0.8791 0.4199 
4.0 6.0 0.907 0.3179 0.9022 0.3496 
4.0 7.0 0.9282 0.2596 0.9127 0.3113 
4.0 8.0 0.9386 0.217 0.9263 0.2758 
4.0 9.0 0.9475 0.1791 0.9343 0.2402 
4.0 10.0 0.9569 0.1501 0.9412 0.2178 
4.0 11.0 0.9573 0.1428 0.9391 0.2374 
4.0 12.0 0.9647 0.1208 0.9503 0.1926 
