Hidden_Layers |   Nodes_per_layer  |   accuracy | loss | test_acc | test_loss
1.0 1.0 0.3459 1.5993 0.3531 1.6042
1.0 2.0 0.6685 0.963 0.6715 0.9766
1.0 3.0 0.8165 0.6123 0.8191 0.6168
1.0 4.0 0.8815 0.42 0.8759 0.4501
1.0 5.0 0.9102 0.3242 0.9049 0.3482
1.0 6.0 0.9234 0.272 0.919 0.2965
1.0 7.0 0.9261 0.2712 0.9153 0.3015
1.0 8.0 0.9313 0.2482 0.9246 0.2762
1.0 9.0 0.9418 0.2056 0.9332 0.2449
1.0 10.0 0.9479 0.1864 0.9365 0.2241
1.0 11.0 0.951 0.1729 0.9428 0.2228
1.0 12.0 0.9545 0.1607 0.9434 0.2136
2.0 1.0 0.404 1.483 0.4023 1.5048
2.0 2.0 0.4776 1.3392 0.4767 1.3625
2.0 3.0 0.8167 0.604 0.8204 0.6121
2.0 4.0 0.8431 0.5541 0.837 0.5733
2.0 5.0 0.8989 0.3696 0.8921 0.4076
2.0 6.0 0.9209 0.2836 0.9122 0.3166
2.0 7.0 0.9287 0.2449 0.922 0.2852
2.0 8.0 0.9416 0.2098 0.9344 0.2397
2.0 9.0 0.9448 0.1926 0.9348 0.2429
2.0 10.0 0.9534 0.1642 0.9436 0.2159
2.0 11.0 0.9607 0.1394 0.9506 0.1894
2.0 12.0 0.9632 0.129 0.9498 0.1967
3.0 1.0 0.1124 2.3013 0.1135 2.3011
3.0 2.0 0.4741 1.2747 0.4623 1.3303
3.0 3.0 0.7866 0.7399 0.7883 0.7727
3.0 4.0 0.8311 0.6007 0.8269 0.6576
3.0 5.0 0.8873 0.4072 0.8804 0.4555
3.0 6.0 0.9206 0.2768 0.9132 0.3286
3.0 7.0 0.9311 0.2352 0.9186 0.2886
3.0 8.0 0.9386 0.2132 0.9294 0.2574
3.0 9.0 0.9427 0.2008 0.9316 0.2471
3.0 10.0 0.9569 0.1518 0.9459 0.2046
3.0 11.0 0.9603 0.138 0.9473 0.1932
3.0 12.0 0.9619 0.1341 0.9476 0.2062
4.0 1.0 0.1124 2.3013 0.1135 2.301
4.0 2.0 0.4722 1.3836 0.4738 1.4124
4.0 3.0 0.8002 0.65 0.8028 0.6676
4.0 4.0 0.815 0.6179 0.8183 0.6521
4.0 5.0 0.894 0.3781 0.8791 0.4199
4.0 6.0 0.907 0.3179 0.9022 0.3496
4.0 7.0 0.9282 0.2596 0.9127 0.3113
4.0 8.0 0.9386 0.217 0.9263 0.2758
4.0 9.0 0.9475 0.1791 0.9343 0.2402
4.0 10.0 0.9569 0.1501 0.9412 0.2178
4.0 11.0 0.9573 0.1428 0.9391 0.2374
4.0 12.0 0.9647 0.1208 0.9503 0.1926
1.0 1.0 0.411 1.5131 0.4041 1.5323
1.0 3.0 0.8048 0.638 0.8041 0.6468
1.0 5.0 0.8992 0.3563 0.8968 0.3748
1.0 7.0 0.9244 0.273 0.9195 0.2877
1.0 9.0 0.936 0.2204 0.9328 0.245
1.0 11.0 0.9467 0.1859 0.9399 0.2206
1.0 13.0 0.9582 0.1516 0.9486 0.1838
1.0 15.0 0.9606 0.1368 0.9506 0.1826
1.0 17.0 0.9651 0.1223 0.955 0.164
1.0 19.0 0.9674 0.1135 0.9569 0.1573
2.0 1.0 0.3733 1.5656 0.3717 1.5808
2.0 3.0 0.7786 0.7217 0.7816 0.7201
2.0 5.0 0.9029 0.3447 0.9026 0.3543
2.0 7.0 0.9285 0.2525 0.9252 0.2829
2.0 9.0 0.9385 0.216 0.9349 0.2428
2.0 11.0 0.9484 0.1829 0.9403 0.2148
2.0 13.0 0.957 0.1434 0.9493 0.176
2.0 15.0 0.9661 0.1166 0.955 0.1616
2.0 17.0 0.9708 0.0996 0.9567 0.1488
2.0 19.0 0.9749 0.0865 0.9625 0.146
3.0 1.0 0.3473 1.6784 0.3499 1.6914
3.0 3.0 0.7279 0.8428 0.7351 0.8424
3.0 5.0 0.8914 0.3829 0.8861 0.4057
3.0 7.0 0.9126 0.3079 0.9094 0.3311
3.0 9.0 0.9381 0.2102 0.9339 0.2334
3.0 11.0 0.95 0.1725 0.9399 0.2083
3.0 13.0 0.9604 0.1383 0.9493 0.1857
3.0 15.0 0.9619 0.132 0.9554 0.1662
3.0 17.0 0.9688 0.1057 0.9516 0.1741
3.0 19.0 0.9715 0.0949 0.9628 0.1387
4.0 1.0 0.1124 2.3013 0.1135 2.301
4.0 3.0 0.1124 2.3013 0.1135 2.301
4.0 5.0 0.8504 0.5549 0.8376 0.6277
4.0 7.0 0.9185 0.2783 0.9079 0.3244
4.0 9.0 0.936 0.2241 0.931 0.2504
4.0 11.0 0.9486 0.1761 0.937 0.2099
4.0 13.0 0.9589 0.1384 0.9476 0.1962
4.0 15.0 0.9639 0.1215 0.9552 0.1605
4.0 17.0 0.9658 0.1158 0.9557 0.1602
4.0 19.0 0.9757 0.0805 0.9597 0.1502
5.0 1.0 0.1124 2.3013 0.1135 2.301
5.0 3.0 0.1124 2.3013 0.1135 2.301
5.0 5.0 0.8786 0.4449 0.872 0.4728
5.0 7.0 0.9233 0.27 0.9181 0.3101
5.0 9.0 0.9368 0.214 0.9274 0.264
5.0 11.0 0.9512 0.1643 0.9378 0.213
5.0 13.0 0.9586 0.1431 0.9475 0.1853
5.0 15.0 0.9672 0.1082 0.9517 0.1763
5.0 17.0 0.9692 0.1045 0.9572 0.1554
5.0 19.0 0.9735 0.0882 0.9631 0.1356
5.0 1.0 0.1124 2.3012 0.1135 2.301
5.0 1.0 0.1124 2.3013 0.1135 2.301
5.0 2.0 0.1124 2.3013 0.1135 2.3011
5.0 2.0 0.1124 2.3013 0.1135 2.3011
5.0 3.0 0.5569 1.1687 0.5541 1.1734
5.0 3.0 0.7645 0.8457 0.7516 0.8926
4.0 1.0 0.1124 2.3013 0.1135 2.3011
4.0 1.0 0.1124 2.3013 0.1135 2.301
4.0 2.0 0.6924 0.9513 0.7008 0.9637
4.0 2.0 0.1124 2.3013 0.1135 2.301
4.0 3.0 0.729 0.8176 0.7317 0.8443
4.0 3.0 0.7728 0.7954 0.7715 0.825
5.0 1.0 0.3996 1.4881 0.405 1.5078
5.0 1.0 0.1124 2.3013 0.1135 2.301
5.0 2.0 0.4805 1.2367 0.4681 1.2496
5.0 2.0 0.7177 0.9602 0.7165 0.9811
5.0 3.0 0.7707 0.8188 0.7778 0.8132
5.0 3.0 0.5217 1.2061 0.5234 1.1922
