Hidden_Layers |   Nodes_per_layer  |   accuracy | loss | test_acc | test_loss
0 1 0.34585000001589455 1.599346548461914 0.3531 1.6042313484191895
0 2 0.6685166666666666 0.9630030799229939 0.6715 0.9765501748085021
0 3 0.8165166666348775 0.6123324597994486 0.8191 0.6168168782234192
0 4 0.8815 0.4200464484055837 0.8759 0.45012433252334594
0 5 0.9101666666348776 0.32423093150456744 0.9049 0.3482285008907318
0 6 0.9233833333015442 0.27195686144828796 0.919 0.29649707689285276
0 7 0.9260500000317892 0.2712496424992879 0.9153 0.30152704839706423
0 8 0.9312666666666667 0.24820016516049703 0.9246 0.2762373431801796
0 9 0.9417833333333333 0.20557463778654733 0.9332 0.24486496755480766
0 10 0.9478500000317891 0.18639248111248016 0.9365 0.22410781782865524
0 11 0.95105 0.17285592940648398 0.9428 0.2228021623134613
0 12 0.9544833333333334 0.16065575147469838 0.9434 0.21363303090929986
1 1 0.4040333333492279 1.4829920656204223 0.4023 1.50478023147583
1 2 0.4775999999841054 1.3392050550460814 0.4767 1.362545966720581
1 3 0.8166833333651224 0.6040292475700378 0.8204 0.6121137007713318
1 4 0.8431000000317892 0.5540559051513672 0.837 0.5732797151565552
1 5 0.8989166666984558 0.3695692873795827 0.8921 0.4075890968561173
1 6 0.9209166666984558 0.28361376128196714 0.9122 0.31656064264774325
1 7 0.9286833333333333 0.24489302298227947 0.922 0.2851944214761257
1 8 0.9416 0.20977319272359213 0.9344 0.23967371160984038
1 9 0.9448000000317891 0.19259799926280977 0.9348 0.24288443925380707
1 10 0.9534499999682109 0.1641869397799174 0.9436 0.21592841765582563
1 11 0.9607166666666667 0.13943968829313913 0.9506 0.18939454467445613
1 12 0.9631833333333333 0.12896852868000666 0.9498 0.19670061540603637
2 1 0.11236666666666667 2.3012658168792726 0.1135 2.3010704063415526
2 2 0.47408333333333336 1.2746592025756835 0.4623 1.3302538135528565
2 3 0.7865666666666666 0.7398965922991435 0.7883 0.7727239309310913
2 4 0.8310833333333333 0.6006541325887045 0.8269 0.6575659251213074
2 5 0.8873333333651224 0.4071859003861745 0.8804 0.45548447847366336
2 6 0.9205666666348775 0.2768244384765625 0.9132 0.328601138150692
2 7 0.9311000000317892 0.23521254870096842 0.9186 0.28858607097864153
2 8 0.9386166666666667 0.21324791581630706 0.9294 0.25736708357334137
2 9 0.9427166666348775 0.2008387482802073 0.9316 0.24709959660172462
2 10 0.9568833333333333 0.1517860232035319 0.9459 0.20455435559749605
2 11 0.9603499999682109 0.13797113597989083 0.9473 0.19315894037485123
2 12 0.9619499999682108 0.13406490766207377 0.9476 0.20624492658413945
3 1 0.11236666666666667 2.301266655858358 0.1135 2.3010132862091064
3 2 0.4722333333492279 1.3836182516098023 0.4738 1.4124004795074463
3 3 0.8002333333651225 0.6500119266192118 0.8028 0.6676454351425171
3 4 0.815 0.6179194806098938 0.8183 0.652137618970871
3 5 0.8939666666348776 0.3780706180413564 0.8791 0.4198620774269104
3 6 0.9069500000317892 0.3178713474114736 0.9022 0.3496362371921539
3 7 0.9282499999682109 0.25960924045244854 0.9127 0.3112734402775765
3 8 0.9385666666666667 0.21695947674910226 0.9263 0.2758191664457321
3 9 0.9474833333651225 0.17905368284781775 0.9343 0.24020841503143311
3 10 0.9569166666984558 0.15009815446535746 0.9412 0.21778431093394757
3 11 0.9572666666348775 0.14284326539436976 0.9391 0.23743501415550708
3 12 0.9646999999682109 0.12078948260148366 0.9503 0.19262095367908477
