Hidden_Layers |   Nodes_per_layer  |   accuracy | loss | test_acc | test_loss
0 1 0.4110499999841054 1.5130757385889688 0.4041 1.5322719060897827
0 3 0.8047833333015442 0.6380280172665914 0.8041 0.64679084815979
0 5 0.8991833333333333 0.3562993782838186 0.8968 0.37479423785209653
0 7 0.9244333333651225 0.27298174283504484 0.9195 0.28770698906183245
0 9 0.9360333333333334 0.2203568124930064 0.9328 0.24497932091951372
0 11 0.9466833333015442 0.18586412835121155 0.9399 0.2205696339637041
0 13 0.9582166666666667 0.15164561166763305 0.9486 0.18384641640782357
0 15 0.9606166666984558 0.13684858975807826 0.9506 0.1826326943695545
0 17 0.9650500000317891 0.12225447903076808 0.955 0.1640298559859395
0 19 0.9674333333015442 0.11353323439757029 0.9569 0.15726955931037664
1 1 0.3732999999841054 1.5655931864420574 0.3717 1.580818179321289
1 3 0.77865 0.7216606460253397 0.7816 0.7201172588348389
1 5 0.9028833333333334 0.34474754721323647 0.9026 0.3543239619255066
1 7 0.9285333333651224 0.2525335993846258 0.9252 0.28288507330715656
1 9 0.9385499999682109 0.2160451779206594 0.9349 0.24280189388990403
1 11 0.9484333333333334 0.1828767963528633 0.9403 0.21482908406853676
1 13 0.9569666666348775 0.14335297937393188 0.9493 0.1760104138314724
1 15 0.9660666666984558 0.11655706914265951 0.955 0.16160864825695753
1 17 0.9707500000317891 0.09962144875526428 0.9567 0.14879746539331973
1 19 0.9748666666348775 0.0864601891974608 0.9625 0.14604470718503
2 1 0.34728333333333333 1.6784331499099732 0.3499 1.691371816635132
2 3 0.7278666666666667 0.842826202138265 0.7351 0.8423941484451294
2 5 0.8913833333015442 0.3828612064520518 0.8861 0.40567817072868345
2 7 0.9125666666984558 0.3078995176315308 0.9094 0.33112031980752943
2 9 0.9380666666348775 0.21016566827297212 0.9339 0.2333898481488228
2 11 0.9500166666348775 0.17251441326141356 0.9399 0.20834272468686105
2 13 0.9603500000317892 0.13826858177185058 0.9493 0.18568202816545964
2 15 0.9619166666984558 0.13198526145617168 0.9554 0.16620820765942335
2 17 0.9688166666348775 0.10571293168862661 0.9516 0.17409715097174047
2 19 0.9715 0.09485766839981079 0.9628 0.13867658758349716
3 1 0.11236666667064031 2.3012839806874594 0.1135 2.301026937866211
3 3 0.11236666666666667 2.3012699025472005 0.1135 2.3010132026672365
3 5 0.8503666666348775 0.5548777904192607 0.8376 0.6276523151397705
3 7 0.9185166666666666 0.2783141376018524 0.9079 0.3244047930955887
3 9 0.9359666666984559 0.2240614416996638 0.931 0.2504126449525356
3 11 0.9485833333015442 0.17607545873324076 0.937 0.20985237428545953
3 13 0.9588999999682108 0.13837533352772394 0.9476 0.19623729196190834
3 15 0.9639166666666666 0.12149044184287389 0.9552 0.16045604671239852
3 17 0.9657833333333333 0.11578990878065427 0.9557 0.16021900152415036
3 19 0.9756833333333333 0.08045367443164189 0.9597 0.1502250987060368
4 1 0.11236666666666667 2.3012808801015217 0.1135 2.301027101135254
4 3 0.11236666667064031 2.3012845823923747 0.1135 2.300992324447632
4 5 0.8786166666348775 0.44490875641504923 0.872 0.47282187633514405
4 7 0.9233166666348775 0.2700407336235046 0.9181 0.3100913114666939
4 9 0.9367500000317891 0.21395861370563507 0.9274 0.26398731977939605
4 11 0.9511833333333334 0.16433272178967795 0.9378 0.21295326214432717
4 13 0.9586166666984558 0.1431180924852689 0.9475 0.18525739400684835
4 15 0.9671999999682108 0.10822772883375485 0.9517 0.1762997946560383
4 17 0.9692333333333333 0.1044937865058581 0.9572 0.15541821869909764
4 19 0.9734833333651225 0.08823500605821609 0.9631 0.13563614495843648
