Hidden_Layers |   Nodes_per_layer  |   accuracy | loss | test_acc | test_loss
0 1 0.34585000001589455 1.599346548461914 0.3531 1.6042313484191895
0 2 0.6685166666666666 0.9630030799229939 0.6715 0.9765501748085021
0 3 0.8165166666348775 0.6123324597994486 0.8191 0.6168168782234192
0 4 0.8815 0.4200464484055837 0.8759 0.45012433252334594
0 5 0.9101666666348776 0.32423093150456744 0.9049 0.3482285008907318
0 6 0.9233833333015442 0.27195686144828796 0.919 0.29649707689285276
0 7 0.9260500000317892 0.2712496424992879 0.9153 0.30152704839706423
0 8 0.9312666666666667 0.24820016516049703 0.9246 0.2762373431801796
0 9 0.9417833333333333 0.20557463778654733 0.9332 0.24486496755480766
0 10 0.9478500000317891 0.18639248111248016 0.9365 0.22410781782865524
0 11 0.95105 0.17285592940648398 0.9428 0.2228021623134613
0 12 0.9544833333333334 0.16065575147469838 0.9434 0.21363303090929986
1 1 0.4040333333492279 1.4829920656204223 0.4023 1.50478023147583
1 2 0.4775999999841054 1.3392050550460814 0.4767 1.362545966720581
1 3 0.8166833333651224 0.6040292475700378 0.8204 0.6121137007713318
1 4 0.8431000000317892 0.5540559051513672 0.837 0.5732797151565552
1 5 0.8989166666984558 0.3695692873795827 0.8921 0.4075890968561173
1 6 0.9209166666984558 0.28361376128196714 0.9122 0.31656064264774325
1 7 0.9286833333333333 0.24489302298227947 0.922 0.2851944214761257
1 8 0.9416 0.20977319272359213 0.9344 0.23967371160984038
1 9 0.9448000000317891 0.19259799926280977 0.9348 0.24288443925380707
1 10 0.9534499999682109 0.1641869397799174 0.9436 0.21592841765582563
1 11 0.9607166666666667 0.13943968829313913 0.9506 0.18939454467445613
1 12 0.9631833333333333 0.12896852868000666 0.9498 0.19670061540603637
2 1 0.11236666666666667 2.3012658168792726 0.1135 2.3010704063415526
2 2 0.47408333333333336 1.2746592025756835 0.4623 1.3302538135528565
2 3 0.7865666666666666 0.7398965922991435 0.7883 0.7727239309310913
2 4 0.8310833333333333 0.6006541325887045 0.8269 0.6575659251213074
2 5 0.8873333333651224 0.4071859003861745 0.8804 0.45548447847366336
2 6 0.9205666666348775 0.2768244384765625 0.9132 0.328601138150692
2 7 0.9311000000317892 0.23521254870096842 0.9186 0.28858607097864153
2 8 0.9386166666666667 0.21324791581630706 0.9294 0.25736708357334137
2 9 0.9427166666348775 0.2008387482802073 0.9316 0.24709959660172462
2 10 0.9568833333333333 0.1517860232035319 0.9459 0.20455435559749605
2 11 0.9603499999682109 0.13797113597989083 0.9473 0.19315894037485123
2 12 0.9619499999682108 0.13406490766207377 0.9476 0.20624492658413945
3 1 0.11236666666666667 2.301266655858358 0.1135 2.3010132862091064
3 2 0.4722333333492279 1.3836182516098023 0.4738 1.4124004795074463
3 3 0.8002333333651225 0.6500119266192118 0.8028 0.6676454351425171
3 4 0.815 0.6179194806098938 0.8183 0.652137618970871
3 5 0.8939666666348776 0.3780706180413564 0.8791 0.4198620774269104
3 6 0.9069500000317892 0.3178713474114736 0.9022 0.3496362371921539
3 7 0.9282499999682109 0.25960924045244854 0.9127 0.3112734402775765
3 8 0.9385666666666667 0.21695947674910226 0.9263 0.2758191664457321
3 9 0.9474833333651225 0.17905368284781775 0.9343 0.24020841503143311
3 10 0.9569166666984558 0.15009815446535746 0.9412 0.21778431093394757
3 11 0.9572666666348775 0.14284326539436976 0.9391 0.23743501415550708
3 12 0.9646999999682109 0.12078948260148366 0.9503 0.19262095367908477
0 1 0.4110499999841054 1.5130757385889688 0.4041 1.5322719060897827
0 3 0.8047833333015442 0.6380280172665914 0.8041 0.64679084815979
0 5 0.8991833333333333 0.3562993782838186 0.8968 0.37479423785209653
0 7 0.9244333333651225 0.27298174283504484 0.9195 0.28770698906183245
0 9 0.9360333333333334 0.2203568124930064 0.9328 0.24497932091951372
0 11 0.9466833333015442 0.18586412835121155 0.9399 0.2205696339637041
0 13 0.9582166666666667 0.15164561166763305 0.9486 0.18384641640782357
0 15 0.9606166666984558 0.13684858975807826 0.9506 0.1826326943695545
0 17 0.9650500000317891 0.12225447903076808 0.955 0.1640298559859395
0 19 0.9674333333015442 0.11353323439757029 0.9569 0.15726955931037664
1 1 0.3732999999841054 1.5655931864420574 0.3717 1.580818179321289
1 3 0.77865 0.7216606460253397 0.7816 0.7201172588348389
1 5 0.9028833333333334 0.34474754721323647 0.9026 0.3543239619255066
1 7 0.9285333333651224 0.2525335993846258 0.9252 0.28288507330715656
1 9 0.9385499999682109 0.2160451779206594 0.9349 0.24280189388990403
1 11 0.9484333333333334 0.1828767963528633 0.9403 0.21482908406853676
1 13 0.9569666666348775 0.14335297937393188 0.9493 0.1760104138314724
1 15 0.9660666666984558 0.11655706914265951 0.955 0.16160864825695753
1 17 0.9707500000317891 0.09962144875526428 0.9567 0.14879746539331973
1 19 0.9748666666348775 0.0864601891974608 0.9625 0.14604470718503
2 1 0.34728333333333333 1.6784331499099732 0.3499 1.691371816635132
2 3 0.7278666666666667 0.842826202138265 0.7351 0.8423941484451294
2 5 0.8913833333015442 0.3828612064520518 0.8861 0.40567817072868345
2 7 0.9125666666984558 0.3078995176315308 0.9094 0.33112031980752943
2 9 0.9380666666348775 0.21016566827297212 0.9339 0.2333898481488228
2 11 0.9500166666348775 0.17251441326141356 0.9399 0.20834272468686105
2 13 0.9603500000317892 0.13826858177185058 0.9493 0.18568202816545964
2 15 0.9619166666984558 0.13198526145617168 0.9554 0.16620820765942335
2 17 0.9688166666348775 0.10571293168862661 0.9516 0.17409715097174047
2 19 0.9715 0.09485766839981079 0.9628 0.13867658758349716
3 1 0.11236666667064031 2.3012839806874594 0.1135 2.301026937866211
3 3 0.11236666666666667 2.3012699025472005 0.1135 2.3010132026672365
3 5 0.8503666666348775 0.5548777904192607 0.8376 0.6276523151397705
3 7 0.9185166666666666 0.2783141376018524 0.9079 0.3244047930955887
3 9 0.9359666666984559 0.2240614416996638 0.931 0.2504126449525356
3 11 0.9485833333015442 0.17607545873324076 0.937 0.20985237428545953
3 13 0.9588999999682108 0.13837533352772394 0.9476 0.19623729196190834
3 15 0.9639166666666666 0.12149044184287389 0.9552 0.16045604671239852
3 17 0.9657833333333333 0.11578990878065427 0.9557 0.16021900152415036
3 19 0.9756833333333333 0.08045367443164189 0.9597 0.1502250987060368
4 1 0.11236666666666667 2.3012808801015217 0.1135 2.301027101135254
4 3 0.11236666667064031 2.3012845823923747 0.1135 2.300992324447632
4 5 0.8786166666348775 0.44490875641504923 0.872 0.47282187633514405
4 7 0.9233166666348775 0.2700407336235046 0.9181 0.3100913114666939
4 9 0.9367500000317891 0.21395861370563507 0.9274 0.26398731977939605
4 11 0.9511833333333334 0.16433272178967795 0.9378 0.21295326214432717
4 13 0.9586166666984558 0.1431180924852689 0.9475 0.18525739400684835
4 15 0.9671999999682108 0.10822772883375485 0.9517 0.1762997946560383
4 17 0.9692333333333333 0.1044937865058581 0.9572 0.15541821869909764
4 19 0.9734833333651225 0.08823500605821609 0.9631 0.13563614495843648
4 1 0.11236666667064031 2.301249484125773 0.1135 2.3010415573120118
4 1 0.11236666666269303 2.301252384440104 0.1135 2.3010222091674803
4 2 0.11236666666666667 2.301270240275065 0.1135 2.3010537452697752
4 2 0.11236666666269303 2.301257054011027 0.1135 2.3010502418518066
4 3 0.5568666666825612 1.168672859064738 0.5541 1.1733874631881713
4 3 0.7644833333333333 0.8456908573468527 0.7516 0.8926006972312928
3 1 0.11236666666666667 2.3012646467844644 0.1135 2.301093186187744
3 1 0.11236666666269303 2.301280271402995 0.1135 2.3010329475402833
3 2 0.6924166666984558 0.9512816075007121 0.7008 0.9636607615470886
3 2 0.11236666666666667 2.3012701418558756 0.1135 2.301015788269043
3 3 0.7290166666984558 0.8175842788696289 0.7317 0.8443003187179565
3 3 0.7727666666666667 0.7954140217781067 0.7715 0.8250467692375183
4 1 0.39959999998410545 1.4881083274205527 0.405 1.5078135007858275
4 1 0.11236666665871937 2.3012564538319906 0.1135 2.301027980041504
4 2 0.4804999999841054 1.2366736861546834 0.4681 1.2496441026687621
4 2 0.7177499999682109 0.9601701154708863 0.7165 0.9810941808700562
4 3 0.7707166666984558 0.8188048778216044 0.7778 0.8131608423233032
4 3 0.5216666666666666 1.2061019775390625 0.5234 1.1922257944107055
2 1 0.11236666667064031 2.301267216873169 0.1135 2.301053636932373
2 1 0.11236666667461395 2.301261434427897 0.1135 2.3010399517059326
2 2 0.4138833333015442 1.3749214886347452 0.4115 1.415480583190918
2 2 0.11236666666269303 2.301276088078817 0.1135 2.3010404666900635
2 3 0.6750333333015441 0.9394664241790771 0.6714 0.9506956744194031
2 3 0.4398000000158946 1.3462742750167846 0.4333 1.38141577835083
3 1 0.11236666667064031 2.301270729446411 0.1135 2.3010365924835203
3 1 0.11236666666666667 2.3012622900644937 0.1135 2.301047565460205
3 2 0.7056166666348775 0.9319596495310466 0.7061 0.9399132771492005
3 2 0.11236666666269303 2.301267666244507 0.1135 2.3010251716613768
3 3 0.11236666666666667 2.3012636638641357 0.1135 2.301037809753418
3 3 0.6308666666666667 1.1398375310897828 0.627 1.1563864393234253
4 1 0.11236666666865348 2.3012509283701577 0.1135 2.301004721069336
4 1 0.11236666667064031 2.301256843694051 0.1135 2.300956567764282
4 2 0.5169666666825612 1.3958170537948609 0.5282 1.413282731437683
4 2 0.3888166666507721 1.3890796667099 0.3847 1.4273132644653321
4 3 0.6027333333333333 1.3028182251612346 0.6037 1.3581320713043212
4 3 0.5007000000317892 1.194614563814799 0.5018 1.2082732570648194
2 1 0.4083166666507721 1.5176860386530557 0.3965 1.5467238166809083
2 1 0.3829000000158946 1.6008616503397624 0.3856 1.5856436519622803
2 1 0.11236666667064031 2.3012539180755613 0.1135 2.300978911972046
2 1 0.11236666666269303 2.3012701269785563 0.1135 2.3010083000183106
2 2 0.44438333333333335 1.3454098956425984 0.4356 1.3866317754745483
2 2 0.7018500000317891 0.9157973093986511 0.7023 0.9232320164680481
2 2 0.4057 1.4400454363505046 0.4015 1.4823472528457642
2 2 0.7157666666666667 0.9317068062782288 0.725 0.9251481918334961
2 3 0.8215666666348775 0.633477004400889 0.8217 0.6565336373329163
2 3 0.7789666666348776 0.7852277377128601 0.779 0.8276423265457153
2 3 0.7764999999682108 0.7801317943255106 0.7736 0.7901304340362549
2 3 0.8248166666348775 0.6046911508878072 0.8211 0.6254038600921631
3 1 0.11236666666269303 2.3012464794158936 0.1135 2.301010887145996
3 1 0.11236666666666667 2.3012694062550865 0.1135 2.301105088043213
3 1 0.11236666666666667 2.3012727617899578 0.1135 2.3010193202972413
3 1 0.11236666666269303 2.3012688261667886 0.1135 2.3010579566955567
3 2 0.3987999999841054 1.4839438013076782 0.4056 1.508294414138794
3 2 0.4856833333492279 1.3491934967041015 0.4903 1.3504493324279785
3 2 0.47488333336512245 1.4371401268641153 0.4746 1.4170677700042724
3 2 0.4794666666507721 1.2241910097122193 0.461 1.251516008377075
3 3 0.5105666666984559 1.3160425676345826 0.5184 1.3069540809631348
3 3 0.5221499999841054 1.3254473243713378 0.5359 1.3297325017929078
3 3 0.7705000000317891 0.8173680991808573 0.7645 0.8441637828350067
3 3 0.7551166666666667 0.8106265986442566 0.7505 0.8328943316459656
4 1 0.11236666666269303 2.30126469930013 0.1135 2.3010516216278076
4 1 0.11236666666666667 2.301274472427368 0.1135 2.3010543884277346
4 1 0.11236666666666667 2.3012635964711508 0.1135 2.300984925842285
4 1 0.11236666666666667 2.301267087809245 0.1135 2.3010940784454346
4 2 0.11236666667064031 2.3012590717315673 0.1135 2.3010472839355467
4 2 0.45221666666666666 1.3552263664881388 0.444 1.3742055030822753
4 2 0.11236666665871937 2.30125445950826 0.1135 2.3010849628448486
4 2 0.4560833333174388 1.4158722459793092 0.4612 1.4411851402282714
4 3 0.5847166666984558 1.1563268421808879 0.5648 1.1937711480140687
4 3 0.7800333333651225 0.7267178741455078 0.7789 0.7522033805847168
4 3 0.7381166666984558 0.8628152449289958 0.7373 0.8960331407546998
4 3 0.7956833333651224 0.7047640986760457 0.7753 0.7838849575519562
4 2 0.11236666666269303 2.301257247289022 0.1135 2.3010461822509765
4 4 0.8517833333651225 0.5101387718518575 0.8361 0.5637692397117615
4 6 0.9165166666984558 0.3178257915814718 0.9028 0.38432418875694274
4 8 0.9312666666348776 0.2430665543238322 0.9158 0.3082498321533203
4 10 0.9543833333015442 0.1574157139023145 0.9429 0.21194934347271918
4 12 0.9635166666984558 0.12495447498559951 0.9491 0.20241281240582465
4 14 0.9698666666984558 0.10217749088803928 0.9507 0.19354941086545588
4 16 0.9754166666666667 0.08246688805818558 0.9567 0.19294424140099437
4 18 0.9798499999682109 0.06542394317388535 0.9556 0.19939988725148142
0 1 0.4025833333174388 1.4970585253397624 0.3936 1.5276659627914428
0 1 0.38631666666666664 1.5415454665501913 0.3862 1.5631285179138183
0 2 0.6942666666984558 0.9522052100499471 0.7007 0.9595537120819092
0 2 0.6694666666348775 0.9893012038866679 0.6624 1.0190098540306092
0 3 0.8123333333651225 0.6205300708134969 0.8139 0.625797799873352
0 3 0.8256166666348775 0.5997658059755961 0.8168 0.6239416431427002
1 1 0.11236666667064031 2.3012635771433514 0.1135 2.301058738708496
1 1 0.4022999999841054 1.548290896542867 0.4003 1.5533892791748047
1 2 0.42371666668256125 1.3693845412572225 0.4264 1.387701025390625
1 2 0.41936666666666667 1.502075939877828 0.4217 1.5116203287124634
1 3 0.8133666666984558 0.6278069708824158 0.8116 0.6440594985961914
1 3 0.74315 0.813540630308787 0.7411 0.8425550640583038
2 1 0.11236666666666667 2.301272871907552 0.1135 2.3010208938598633
2 1 0.11236666666467984 2.3012587524414063 0.1135 2.3010111106872557
2 2 0.11236666667461395 2.301267069498698 0.1135 2.3010196632385256
2 2 0.45683333331743875 1.2534930261611938 0.4494 1.268076508140564
2 3 0.8077833333651224 0.6690357046445211 0.8011 0.7017983326911926
2 3 0.8076333333333333 0.6442933738072714 0.8063 0.6597716831684113
3 1 0.11236666666269303 2.3012704738616945 0.1135 2.30101548538208
3 1 0.11236666666666667 2.30125705909729 0.1135 2.3009775787353517
3 2 0.11236666667064031 2.301253647994995 0.1135 2.3010833435058595
3 2 0.11236666667064031 2.3012470147450763 0.1135 2.3010516342163085
3 3 0.7686666666984558 0.7833179520924886 0.7628 0.8056388987541199
3 3 0.7669666666348776 0.7966378133773804 0.757 0.8356432866096497
4 1 0.11236666666269303 2.3012682501475017 0.1135 2.3010087425231935
4 1 0.11236666666269303 2.3012604349772134 0.1135 2.301017481994629
4 2 0.4633166666507721 1.4145643379847208 0.456 1.4287540281295776
4 2 0.48300000001589455 1.4125428729375205 0.4861 1.4350408517837525
4 3 0.47880000003178913 1.3199443826675414 0.4749 1.3619063257217408
4 3 0.7682166666984558 0.7868604335467021 0.7645 0.8139126101493835
